# Number of parameters = 541 Objective function value = 267.821633037391  Maximum gradient component = 0.000160950915638806
# tau:
0.200000000000
# Mest:
0.300000000000
# log_Linf:
4.30945594184
# log_k:
-1.83258146375
# log_Lo:
2.89037175790
# log_sdage:
-2.40794560865
# mean_log_rec:
6.13029065247
# steepness:
0.800000000000
# log_Rzero:
6.22011178867
# rec_dev:
 -0.0887175117743 -0.116406967360 -0.161912991640 -0.233966682192 -0.371340424881 -0.560845585478 -0.286018148764 -0.331094758623 0.423609758987 0.577923814072 -0.228463692713 1.54006518400 0.147970087002 -0.387321488559 -0.299121320861 -0.749978257195 -0.436880430168 -0.352986830865 0.123592091358 -0.0250974004209 0.291610123028 0.0613335164722 0.987945820508 0.234915994737 -0.308945421746 0.143256890533 0.661425300050 -0.265861729498 -0.276392154333 0.682627186540 -0.792452390619 -0.347957824098 0.511861245342 1.33305014549 0.902380623546 1.01804793148 -0.522668613228 -0.223153307128 0.0802565281953 -0.283097715564 0.701609163622 0.547977556512 -0.637691080956 0.123610140840 -0.251369331103 0.166979736704 0.587393786057 0.205449443389 -1.04217643224 -0.0250821598522 -0.172960124781 -0.0888192023751 2.94319429273e-07
# log_sigmar:
-0.708433875782
# fmort:
 0.0549405851514 0.0556879243249 0.0318746436256 0.0249554906931 0.0197397920830 0.0160867346458 0.0105166815602 0.0403469930156 0.0634946740061 0.0695618882197 0.0533261014836 0.0465325890636 0.0287679954768 0.0252954956570 0.0412028536907 0.0558081759149 0.0832131119044 0.107381502960 0.173049812175 0.245613307731 0.146792272826 0.177090140908 0.129554961632 0.118136882135 0.155309893068 0.111048123486 0.0943162627292 0.0753633130000 0.0723172372253 0.0815618149431 0.0811974646360 0.101580022104 0.153053428747 0.144974237799 0.0979830820009 0.115377501235 0.0486025794423 0.0545323613218 0.121406214279 0.121336220019 0.142935683205 0.161264639831 0.172629300240
# log_selcoffs_fsh[1]:
 -4.04698730398 -1.68349573770 0.277098328593 0.925630775794 0.895476124295 0.404755921026 -0.0946019795923 -0.614077135327 -1.12248850473 -1.46852805031
 -4.08983084563 -1.76919142847 0.362538975374 0.782259058744 0.877209663929 0.489614729533 0.00576942050700 -0.549499958495 -1.09109531322 -1.44959291470
 -4.09324459242 -2.04923912488 -0.0495728431725 0.906204552953 0.874365650173 0.523858959202 0.123709296174 -0.471565303809 -1.05781130282 -1.43077546732
 -4.08798373827 -2.07799025130 -0.232972453195 0.748361047313 0.859642106356 0.600433645791 0.363315210937 -0.338343838557 -1.00085876928 -1.39227292781
 -4.09980234662 -2.10880683702 -0.279158156091 0.432218220574 0.691864911181 0.706170226582 0.748130622816 -0.240055256449 -0.961594155650 -1.34945089179
 -4.12323166329 -2.18376213008 -0.560131995634 0.304208297878 0.965024002163 0.864866851347 0.428680219550 -0.302394838216 -0.922441469290 -1.29776433520
 -4.18285777146 -2.20219071589 -0.465321921466 0.341067611158 0.769818844075 0.931618627182 0.498186971393 -0.261078939156 -0.844545568707 -1.21703871441
 -4.26484543456 -2.22940171035 -0.465547276403 0.397858087073 0.717231187974 0.819599306036 0.548618939427 -0.120740143832 -0.695049286225 -1.11653915293
 -4.36570073042 -2.21063740418 -0.103829246105 0.504859145013 0.641368728351 0.637923762764 0.425902139745 0.00349702061486 -0.486700964146 -0.970795895001
 -4.43342992546 -2.28839960675 -0.184233701531 0.404693775729 0.560502286525 0.538747338050 0.450717902369 0.208549498216 -0.191667115808 -0.768318975137
 -4.47025392508 -2.31680577827 -0.273637031485 0.513708986633 0.568402808994 0.461335779436 0.387122749343 0.195763024920 -0.170366526706 -0.555278648861
 -4.49164981877 -2.35662535838 -0.265883678531 0.759255657095 0.613212406740 0.365870261677 0.279027817853 0.0715142669346 -0.249603948903 -0.639347254351
 -4.48214429816 -2.31377348835 -0.332594356086 0.674008107688 0.669498828412 0.422728760442 0.274548085517 0.0626245658748 -0.247494412335 -0.562187731806
 -4.49944571249 -2.35442090553 -0.287163228540 0.688476863735 0.643034177612 0.391884975424 0.270931803142 0.0601812325228 -0.223078695581 -0.514853647862
 -4.49797989938 -2.45716337065 -0.646396024648 0.445832388279 0.659992085330 0.544797617133 0.377624525839 0.141874801120 -0.141825706946 -0.386524209909
 -4.52662780258 -2.57529537304 -0.857333946055 0.270500774994 0.621625160507 0.592303683409 0.437249429073 0.218638550753 -0.0482659591408 -0.271369538734
 -4.58656116130 -2.70794902329 -1.02155925995 0.0733662338894 0.537705671827 0.633208093111 0.495146824481 0.306258602811 0.0502019837836 -0.173512311378
 -4.67259916431 -2.86600741750 -1.17139806523 -0.0742579078313 0.474690659386 0.614825016752 0.518193659824 0.401327353223 0.151447761632 -0.102924483740
 -4.76536607437 -2.95693789172 -1.28772118053 -0.0945762563671 0.358661270819 0.550795008300 0.579387583842 0.460291152002 0.218077954378 -0.0256895155919
 -4.87550656912 -3.04602735086 -1.38803043583 -0.182616608762 0.301258204600 0.518353521213 0.606024109846 0.546144189640 0.244338267178 -0.00515201313696
 -4.98676187738 -3.11349783909 -1.39761126682 -0.200577224070 0.356256486650 0.489583916340 0.580821197207 0.529979585365 0.275443993982 0.0199519109315
 -5.12235832750 -3.18412847554 -1.45680508115 -0.135716790249 0.329180484926 0.459944967301 0.571666722542 0.553880284524 0.298955326086 0.0129964808754
 -5.28486140060 -3.23302141330 -1.36043010801 -0.00492324942308 0.265773458227 0.431304576500 0.535692823205 0.615277661511 0.300076238286 -0.0498338855230
 -5.43373310046 -3.32771806366 -1.09624264910 -0.0785691283363 0.252518267222 0.440553973635 0.572681281851 0.657366734522 0.256384247388 -0.144566483752
 -5.44260908337 -3.37216813245 -1.13761486421 -0.0636138485887 0.304837913188 0.477714132872 0.648265514356 0.585380285178 0.197789650842 -0.214411702243
 -5.37558902134 -3.26906377385 -1.23949887789 -0.0436102100990 0.315435881053 0.494002685925 0.713252833070 0.547182291166 0.138420493150 -0.244238147100
 -5.27425213756 -3.16519201446 -0.997544819997 -0.0327535299976 0.373486550401 0.519357422418 0.644188208965 0.547636429848 0.0893276391633 -0.280596975424
 -5.15497242789 -2.86598604769 -0.828455091566 0.118995074954 0.436683374244 0.517285704747 0.569233044548 0.449894884714 0.0728000316064 -0.302990391678
 -5.05954304303 -2.57098241576 -0.630466902901 0.177799872188 0.438485034262 0.511891564737 0.584951614318 0.358368278222 0.0190310673658 -0.319722189928
 -5.01671842858 -2.30578750555 -0.156522937774 0.148174934094 0.370981169860 0.442006130324 0.544060599802 0.322721606066 0.0314692484332 -0.303750100099
 -5.03524139274 -2.28872122060 -0.121789296728 0.236728622501 0.231853960009 0.336512595545 0.554821399156 0.388204347896 0.103370984093 -0.282613035139
 -5.06172911299 -2.43436468062 -0.353741874612 0.133729542957 0.191820103802 0.372522673086 0.534495461147 0.444785084989 0.292540632569 -0.233876706769
 -5.07894018123 -2.67130505572 -0.726277312815 0.0666745595895 0.320894728566 0.392318137080 0.561862494592 0.461819432088 0.252394687643 -0.121953284466
 -5.14489431186 -2.83178717414 -1.01664231157 0.0733957920077 0.348504934718 0.502361740472 0.513317238413 0.414164385120 0.277765956985 -0.0794497196995
 -5.20338213847 -2.98053399935 -1.16957051740 -0.245056013526 0.278589522117 0.521948825616 0.499098190829 0.374534825661 0.380201743757 0.246760240637
 -5.30252086561 -3.04250278576 -1.16267167500 -0.377486456340 0.108087174758 0.461094498274 0.505815211408 0.405024433694 0.419538469444 0.451193154878
 -5.44744871080 -2.94973934111 -0.688062579941 0.0316770139311 0.0944092941362 0.339980899342 0.458016990371 0.409496209957 0.378151435998 0.306084956467
 -5.57402108866 -2.97133411763 0.164609941015 -0.235826346735 0.144256461840 0.316513819492 0.258201926856 0.379145990927 0.408911277488 0.172093191263
 -5.60342966405 -3.23279432701 -0.970049948682 -0.320668327870 0.0308818113532 0.316499166766 0.505638511304 0.729332620860 0.551298713563 -0.0189631704834
 -5.62463919031 -3.33378505822 -1.29573630990 -0.160150232623 -0.108506143303 0.257706528907 0.535563409067 0.686583974208 0.696749025287 -0.0604443954203
 -5.62879462735 -3.38436187686 -1.38494096054 -0.192158316208 0.202840196233 0.305725765428 0.583099898154 0.565058739341 0.542266653713 0.0329227965137
 -5.65646573857 -3.41143734936 -1.29207180770 -0.398230949771 0.395134351514 0.592954673466 0.379998320900 0.581684487328 0.438316429102 -0.0812465756783
# log_sel_spl_fsh[1]:
 0.00000000000 0.00000000000 0.00000000000 0.00000000000
 0.00000000000 0.00000000000 0.00000000000 0.00000000000
 0.00000000000 0.00000000000 0.00000000000 0.00000000000
 0.00000000000 0.00000000000 0.00000000000 0.00000000000
 0.00000000000 0.00000000000 0.00000000000 0.00000000000
 0.00000000000 0.00000000000 0.00000000000 0.00000000000
 0.00000000000 0.00000000000 0.00000000000 0.00000000000
 0.00000000000 0.00000000000 0.00000000000 0.00000000000
 0.00000000000 0.00000000000 0.00000000000 0.00000000000
 0.00000000000 0.00000000000 0.00000000000 0.00000000000
 0.00000000000 0.00000000000 0.00000000000 0.00000000000
 0.00000000000 0.00000000000 0.00000000000 0.00000000000
 0.00000000000 0.00000000000 0.00000000000 0.00000000000
 0.00000000000 0.00000000000 0.00000000000 0.00000000000
 0.00000000000 0.00000000000 0.00000000000 0.00000000000
 0.00000000000 0.00000000000 0.00000000000 0.00000000000
 0.00000000000 0.00000000000 0.00000000000 0.00000000000
 0.00000000000 0.00000000000 0.00000000000 0.00000000000
 0.00000000000 0.00000000000 0.00000000000 0.00000000000
 0.00000000000 0.00000000000 0.00000000000 0.00000000000
 0.00000000000 0.00000000000 0.00000000000 0.00000000000
 0.00000000000 0.00000000000 0.00000000000 0.00000000000
 0.00000000000 0.00000000000 0.00000000000 0.00000000000
 0.00000000000 0.00000000000 0.00000000000 0.00000000000
 0.00000000000 0.00000000000 0.00000000000 0.00000000000
 0.00000000000 0.00000000000 0.00000000000 0.00000000000
 0.00000000000 0.00000000000 0.00000000000 0.00000000000
 0.00000000000 0.00000000000 0.00000000000 0.00000000000
 0.00000000000 0.00000000000 0.00000000000 0.00000000000
 0.00000000000 0.00000000000 0.00000000000 0.00000000000
 0.00000000000 0.00000000000 0.00000000000 0.00000000000
 0.00000000000 0.00000000000 0.00000000000 0.00000000000
 0.00000000000 0.00000000000 0.00000000000 0.00000000000
 0.00000000000 0.00000000000 0.00000000000 0.00000000000
 0.00000000000 0.00000000000 0.00000000000 0.00000000000
 0.00000000000 0.00000000000 0.00000000000 0.00000000000
 0.00000000000 0.00000000000 0.00000000000 0.00000000000
 0.00000000000 0.00000000000 0.00000000000 0.00000000000
 0.00000000000 0.00000000000 0.00000000000 0.00000000000
 0.00000000000 0.00000000000 0.00000000000 0.00000000000
 0.00000000000 0.00000000000 0.00000000000 0.00000000000
 0.00000000000 0.00000000000 0.00000000000 0.00000000000
# logsel_slope_fsh[1]:
 0.00000000000 0.00000000000 0.00000000000 0.00000000000 0.00000000000 0.00000000000 0.00000000000 0.00000000000 0.00000000000 0.00000000000 0.00000000000 0.00000000000 0.00000000000 0.00000000000 0.00000000000 0.00000000000 0.00000000000 0.00000000000 0.00000000000 0.00000000000 0.00000000000 0.00000000000 0.00000000000 0.00000000000 0.00000000000 0.00000000000 0.00000000000 0.00000000000 0.00000000000 0.00000000000 0.00000000000 0.00000000000 0.00000000000 0.00000000000 0.00000000000 0.00000000000 0.00000000000 0.00000000000 0.00000000000 0.00000000000 0.00000000000 0.00000000000
# sel50_fsh[1]:
 0.00000000000 0.00000000000 0.00000000000 0.00000000000 0.00000000000 0.00000000000 0.00000000000 0.00000000000 0.00000000000 0.00000000000 0.00000000000 0.00000000000 0.00000000000 0.00000000000 0.00000000000 0.00000000000 0.00000000000 0.00000000000 0.00000000000 0.00000000000 0.00000000000 0.00000000000 0.00000000000 0.00000000000 0.00000000000 0.00000000000 0.00000000000 0.00000000000 0.00000000000 0.00000000000 0.00000000000 0.00000000000 0.00000000000 0.00000000000 0.00000000000 0.00000000000 0.00000000000 0.00000000000 0.00000000000 0.00000000000 0.00000000000 0.00000000000
# logsel_dslope_fsh[1]:
 0.00000000000 0.00000000000 0.00000000000 0.00000000000 0.00000000000 0.00000000000 0.00000000000 0.00000000000 0.00000000000 0.00000000000 0.00000000000 0.00000000000 0.00000000000 0.00000000000 0.00000000000 0.00000000000 0.00000000000 0.00000000000 0.00000000000 0.00000000000 0.00000000000 0.00000000000 0.00000000000 0.00000000000 0.00000000000 0.00000000000 0.00000000000 0.00000000000 0.00000000000 0.00000000000 0.00000000000 0.00000000000 0.00000000000 0.00000000000 0.00000000000 0.00000000000 0.00000000000 0.00000000000 0.00000000000 0.00000000000 0.00000000000 0.00000000000
# seld50_fsh[1]:
 8.00000000000 8.00000000000 8.00000000000 8.00000000000 8.00000000000 8.00000000000 8.00000000000 8.00000000000 8.00000000000 8.00000000000 8.00000000000 8.00000000000 8.00000000000 8.00000000000 8.00000000000 8.00000000000 8.00000000000 8.00000000000 8.00000000000 8.00000000000 8.00000000000 8.00000000000 8.00000000000 8.00000000000 8.00000000000 8.00000000000 8.00000000000 8.00000000000 8.00000000000 8.00000000000 8.00000000000 8.00000000000 8.00000000000 8.00000000000 8.00000000000 8.00000000000 8.00000000000 8.00000000000 8.00000000000 8.00000000000 8.00000000000 8.00000000000
# rec_dev_future:
 0.00000000000 0.00000000000 0.00000000000 0.00000000000 0.00000000000 0.00000000000 0.00000000000 0.00000000000 0.00000000000 0.00000000000
# log_q_ind[1]:
0.334346530544
# log_q_power_ind[1]:
0.00000000000
# log_selcoffs_ind[1]:
 -3.91869710664 -1.67573269421 -0.279262147103 0.0704335055586 0.0135128022902 0.102163508766 0.359691601668 0.494717221143 0.401078876526 0.243825225743
# logsel_slope_ind[1]:
 0.00000000000
# sel50_ind[1]:
 0.00000000000
# logsel_dslope_ind[1]:
 0.00000000000
# seld50_ind[1]:
 8.00000000000
# repl_F:
0.0818664044339
