# Number of parameters = 126  Objective function value = 369.961  Maximum gradient component = 4.25793e-05
# M:
0.150000000000
# mean_log_rec:
7.84221838027
# steepness:
0.800000000000
# log_Rzero:
7.28574531138
# rec_dev:
 -1.27049492434 0.117227159348 -0.610623344221 -0.356517136621 -0.608188724052 -0.536969504612 -0.447714540857 -0.534787680275 -0.0996982988142 0.702443519808 0.783481937891 0.515944338853 0.180308675157 0.170040493224 0.463215839911 1.42968714903 0.337585896940 -0.127607075238 0.290656810708 0.196643033712 0.381719849070 -0.205430291402 0.469983154402 0.536188910780 0.0321255165821 -0.666449590527 -0.252251818176 0.218367250856 0.0695590198113 0.292335234470 1.24923523897 1.51211634708 0.567461257152 0.261345065411
# log_sigmar:
0.470003629246
# fmort:
 0.0820561195726 0.0867640779855 0.0707074743244 0.0673710281477 0.0487951529118 0.0676051699303 0.0958922752663 0.0590460719927 0.0605905859937 0.0601572373004 0.0587458834750 0.0493222136693 0.0537254840810 0.0555868433873 0.0620865332194 0.0598824140634 0.0624991855519 0.0719373101201 0.0729746085374 0.0471041664226 0.0480604898913 0.0471003782263 0.0349131079659
# log_selcoffs_fsh[1]:
 -2.16874413293 -0.276320191928 0.392936609678 0.616763707261 0.341764688544 -0.221133768662 -0.358829223946 -0.121794196657
 -1.20991402786 0.125226467987 0.402071650781 0.295312115393 0.178926215931 -0.139389488675 -0.201959342978 -0.166104083345
# log_sel_spl_fsh[1]:
 0.00000000000 0.00000000000 0.00000000000 0.00000000000 0.00000000000 0.00000000000 0.00000000000 0.00000000000
 0.00000000000 0.00000000000 0.00000000000 0.00000000000 0.00000000000 0.00000000000 0.00000000000 0.00000000000
# logsel_slope_fsh[1]:
 0.00000000000 0.00000000000
# sel50_fsh[1]:
 0.00000000000 0.00000000000
# logsel_dslope_fsh[1]:
 0.00000000000 0.00000000000
# seld50_fsh[1]:
 9.00000000000 9.00000000000
# rec_dev_future:
 0.00000000000 0.00000000000 0.00000000000 0.00000000000 0.00000000000 0.00000000000 0.00000000000 0.00000000000 0.00000000000 0.00000000000
# log_q_ind[1]:
-2.80529989742
# log_q_power_ind[1]:
0.00000000000
# log_selcoffs_ind[1]:
 -3.21345963734 -0.340450786383 0.547355879552 0.479423339336 0.180487518113 -0.463945054643 -0.876144389735 -0.883831988188
 -3.29277621467 -1.23456421751 0.261274647491 0.640893431717 -0.0992301102958 -0.382499773697 -0.337056238484 -0.689787582133
 -3.39206749366 -1.33176687981 0.119190705836 0.577271322201 0.464959659563 -0.165068658582 -0.953468169009 -1.32029629534
 -1.59210368704 0.474151593728 0.646613891990 0.312896570760 0.000624088571099 -0.429599002551 -0.675406007427 -0.574102272833
 -3.09265192472 -0.333420906518 0.479046014552 0.460598384137 0.271855262642 -0.355296632336 -0.908191171478 -0.957558300165
# logsel_slope_ind[1]:
 0.00000000000 0.00000000000 0.00000000000 0.00000000000 0.00000000000
# logsel_dslope_ind[1]:
 0.00000000000 0.00000000000 0.00000000000 0.00000000000 0.00000000000
# sel50_ind[1]:
 0.00000000000 0.00000000000 0.00000000000 0.00000000000 0.00000000000
# seld50_ind[1]:
 9.00000000000 9.00000000000 9.00000000000 9.00000000000 9.00000000000
