# Number of parameters = 471  Objective function value = 212.094  Maximum gradient component = 9.07390e-05
# Mest:
0.300000000000
# log_Linf:
4.30945594184
# log_k:
-1.83258146375
# log_Lo:
2.89037175790
# log_sdage:
-2.40794560865
# mean_log_rec:
6.24379331355
# steepness:
0.800000000000
# log_Rzero:
6.37477664189
# rec_dev:
 -0.0805143255221 -0.103856757181 -0.140270307191 -0.185782969464 -0.277401923735 -0.451737521809 -0.285042449394 -0.463545380999 0.115841984961 0.178214603816 -0.415146254626 1.14637899822 -0.0400622488669 -0.333346870226 -0.132671620315 -0.470993011978 -0.218852452794 -0.00297952835432 0.175458313298 0.0479511754173 0.296546139522 -0.131185179858 1.13129294509 0.318150429600 -0.319292098329 0.141468619261 0.792998600483 -0.247269241514 -0.203562318961 0.684193331745 -0.916741332514 -0.310896176489 0.706469858810 1.44060535115 0.961731768364 1.06208586370 -0.426775453809 -0.166326756620 0.130134299202 -0.323440712388 0.516992630872 0.207414781402 -0.949929235233 0.0235626620821 0.222263031342 0.128584635611 -0.00931978975129 0.000607440272791
# log_sigmar:
-0.763688159646
# fmort:
 0.0512573195231 0.0561477368964 0.0369688154959 0.0309359559314 0.0277822728170 0.0185905346325 0.0116102258264 0.0411532786603 0.0573606957192 0.0608356361329 0.0443552830779 0.0340617651417 0.0219055059618 0.0190718440463 0.0349544271960 0.0416135113436 0.0667977561146 0.0872489139789 0.137123654141 0.173339159150 0.0931062163030 0.125811486877 0.0884947002415 0.0805584082791 0.109445197149 0.0815659194882 0.0693192888035 0.0510091663533 0.0488803965108 0.0565294241091 0.0590408493580 0.0756487433932 0.117288307554 0.113363112455 0.0796889228109 0.100032508979 0.0442845835619 0.0592151465942
# log_selcoffs_fsh[1]:
 -3.40719983618 -1.13591284889 0.633118416769 1.19591019391 0.905744095178 0.0351203297996 -0.778957930226 -1.43992228017 -1.94286696842 -2.23439016913
 -3.77019941708 -1.19839183983 0.907641231335 0.933726217344 0.826779872764 0.219232651562 -0.559419107125 -1.27684681688 -1.84497330753 -2.17788833756
 -4.12025259903 -2.18942938011 -0.0881666916404 1.20314286099 1.03508159605 0.379867361833 -0.346506603121 -1.08137822099 -1.71335717831 -2.10673452601
 -4.19240050631 -2.19297581115 -0.265161210288 0.886639558164 1.05347010150 0.577595048925 0.122594132924 -0.636422928210 -1.45236535290 -1.99284762478
 -4.27977302038 -2.28939364618 -0.393248123101 0.270374557099 0.278082618853 0.677864152787 1.18258231941 -0.0807528029569 -1.27316494478 -1.93729348757
 -4.31984948052 -2.70051575733 -1.21089209229 0.0702245900391 1.16408396057 1.05253950947 0.357181330711 -0.495190916797 -1.28444994615 -1.79945132643
 -4.42250886109 -2.59429069946 -0.853698482121 0.0553258473082 0.708674253135 1.15808504915 0.672055214715 -0.311128657299 -1.12261961565 -1.61372497472
 -4.51418935182 -2.72372250101 -1.12943299702 0.00657003296501 0.575471817978 0.947956604467 0.874001689067 0.0928750563979 -0.734843274394 -1.34009110029
 -4.63413330221 -2.33300309374 -0.131345072828 0.345599699594 0.429023476131 0.523685638526 0.564333183457 0.377262134036 -0.274235280281 -0.909267449025
 -4.63328139030 -2.47914472449 -0.480254592587 -0.00810941563959 0.125479130543 0.266822979210 0.512399118677 0.675344018244 0.411674642967 -0.338177049306
 -4.55149423418 -2.33411940976 -0.342032016222 0.206420232397 0.238833258060 0.156718521032 0.260424627789 0.401107880673 0.362914606393 0.250799267885
 -4.53148460514 -2.28809705341 -0.0638968985129 0.986995838210 0.542242950429 0.126004852602 0.0197718749856 -0.0802713805250 -0.200345992899 -0.429118465087
 -4.36208405071 -2.12108605538 -0.234520323402 0.740444216918 0.790256549347 0.452674687660 0.103704586939 -0.175330558080 -0.394083354414 -0.544200639799
 -4.54988794804 -2.16914268043 0.167044951681 0.962047519207 0.715262349200 0.278078600787 -0.0328326367474 -0.332988602108 -0.580761544787 -0.761350626783
 -4.62240029559 -2.79987114560 -1.07273802713 0.423962689288 0.772187367413 0.801036336161 0.495440805075 -0.0666114610251 -0.501596788935 -0.724451178036
 -4.72423710058 -2.79804077991 -0.974402905407 0.496710386153 0.823019372899 0.631943284210 0.344267845052 0.000521222023092 -0.307506815660 -0.504040658405
 -4.90802752985 -2.87786060445 -1.01856198948 0.0690343107435 0.550014679161 0.747711349257 0.520191131991 0.243241516466 -0.0554194500808 -0.281675841586
 -5.22808986886 -3.26773324266 -1.24682843211 -0.170144183320 0.472016642989 0.565992296891 0.479809257362 0.527568134961 0.271863225143 -0.176513458632
 -5.41549905561 -3.34396452338 -1.31455868814 0.0976634305182 0.258956723110 0.405914510184 0.514837898222 0.491970245524 0.348284787176 0.0651146352131
 -5.64429272268 -3.63385546060 -1.68356353310 -0.0596325118691 0.214785040999 0.486424549912 0.691319880853 0.730488529200 0.139536558480 -0.282420509693
 -5.62585191312 -3.41392501436 -1.31139039578 -0.0741173052182 0.716544123585 0.526697983733 0.462662149993 0.355674526028 0.117861430418 -0.122990831884
 -5.72158756222 -3.53375255759 -1.56551443472 -0.0578381349113 0.417670960257 0.467818620634 0.586357285310 0.504312431289 0.261643668171 -0.0539503062341
 -6.00329026420 -3.41706902165 -1.39921175217 0.279574144743 0.276510484556 0.410707666910 0.435861963396 0.668711134125 0.280598006030 -0.291661987342
 -6.51335677335 -3.65363951312 -0.650916823382 0.215855930357 0.424819514522 0.442839515931 0.481412256097 0.656426272930 0.0412653726313 -0.624900133939
 -6.31636570895 -3.71002351306 -1.05874715242 0.0899260083532 0.539079036078 0.618496747091 0.659074818654 0.484465021625 -0.0768842673447 -0.734253188457
 -5.89238889423 -3.45285150043 -1.29537678094 -0.0757508086601 0.318553029555 0.623860819550 0.884510357880 0.494846349208 -0.0778957298156 -0.622909129927
 -5.44228123458 -3.21847127022 -0.902557970509 -0.000738909059938 0.318809684192 0.575700537380 0.766807120871 0.592245648500 -0.0975775437891 -0.636693223993
 -4.85824029631 -2.65632199349 -0.627855489214 0.320830061733 0.556706880708 0.502835806222 0.508363265892 0.390498305761 -0.0668184732188 -0.623521351963
 -4.36576240180 -2.24004305571 -0.546113604684 0.382185733520 0.626614333263 0.603792197044 0.534310917982 0.168497402760 -0.301363266480 -0.680728447733
 -4.14038025661 -1.74340180391 0.134477230323 0.278394886967 0.536313066833 0.566928398961 0.527138169356 0.0415112915109 -0.410322398878 -0.751245908690
 -4.22288746100 -1.77590210289 0.0745738521447 0.401973041621 0.304587748604 0.403066289067 0.576454155087 0.285849067960 -0.242718416646 -0.700686263581
 -4.38735740333 -1.99688281326 -0.116832264083 0.225323166055 0.195790454884 0.387811744342 0.555784405286 0.429834903975 0.177893521819 -0.608231501237
 -4.43718152365 -2.24210645430 -0.426003271821 0.222663646887 0.378196803027 0.367813008815 0.567395914748 0.438026466003 0.0808063621895 -0.389014326102
 -4.72668371458 -2.44596668911 -0.614634073840 0.409694187767 0.523387180255 0.505277086536 0.426629176928 0.310062837901 0.0521030185890 -0.574391750280
 -5.05150465670 -2.90589995150 -0.991346239299 0.129514867624 0.572907058034 0.628972973527 0.403119842625 0.172553887065 0.132503154688 -0.0471492616240
 -5.39686111739 -3.32595381668 -1.28538232606 0.0397868595796 0.421078890060 0.673252037102 0.620102741167 0.221721364297 0.0406308632247 0.00933589891428
# log_sel_spl_fsh[1]:
 0.00000000000 0.00000000000 0.00000000000 0.00000000000
 0.00000000000 0.00000000000 0.00000000000 0.00000000000
 0.00000000000 0.00000000000 0.00000000000 0.00000000000
 0.00000000000 0.00000000000 0.00000000000 0.00000000000
 0.00000000000 0.00000000000 0.00000000000 0.00000000000
 0.00000000000 0.00000000000 0.00000000000 0.00000000000
 0.00000000000 0.00000000000 0.00000000000 0.00000000000
 0.00000000000 0.00000000000 0.00000000000 0.00000000000
 0.00000000000 0.00000000000 0.00000000000 0.00000000000
 0.00000000000 0.00000000000 0.00000000000 0.00000000000
 0.00000000000 0.00000000000 0.00000000000 0.00000000000
 0.00000000000 0.00000000000 0.00000000000 0.00000000000
 0.00000000000 0.00000000000 0.00000000000 0.00000000000
 0.00000000000 0.00000000000 0.00000000000 0.00000000000
 0.00000000000 0.00000000000 0.00000000000 0.00000000000
 0.00000000000 0.00000000000 0.00000000000 0.00000000000
 0.00000000000 0.00000000000 0.00000000000 0.00000000000
 0.00000000000 0.00000000000 0.00000000000 0.00000000000
 0.00000000000 0.00000000000 0.00000000000 0.00000000000
 0.00000000000 0.00000000000 0.00000000000 0.00000000000
 0.00000000000 0.00000000000 0.00000000000 0.00000000000
 0.00000000000 0.00000000000 0.00000000000 0.00000000000
 0.00000000000 0.00000000000 0.00000000000 0.00000000000
 0.00000000000 0.00000000000 0.00000000000 0.00000000000
 0.00000000000 0.00000000000 0.00000000000 0.00000000000
 0.00000000000 0.00000000000 0.00000000000 0.00000000000
 0.00000000000 0.00000000000 0.00000000000 0.00000000000
 0.00000000000 0.00000000000 0.00000000000 0.00000000000
 0.00000000000 0.00000000000 0.00000000000 0.00000000000
 0.00000000000 0.00000000000 0.00000000000 0.00000000000
 0.00000000000 0.00000000000 0.00000000000 0.00000000000
 0.00000000000 0.00000000000 0.00000000000 0.00000000000
 0.00000000000 0.00000000000 0.00000000000 0.00000000000
 0.00000000000 0.00000000000 0.00000000000 0.00000000000
 0.00000000000 0.00000000000 0.00000000000 0.00000000000
 0.00000000000 0.00000000000 0.00000000000 0.00000000000
# logsel_slope_fsh[1]:
 0.00000000000 0.00000000000 0.00000000000 0.00000000000 0.00000000000 0.00000000000 0.00000000000 0.00000000000 0.00000000000 0.00000000000 0.00000000000 0.00000000000 0.00000000000 0.00000000000 0.00000000000 0.00000000000 0.00000000000 0.00000000000 0.00000000000 0.00000000000 0.00000000000 0.00000000000 0.00000000000 0.00000000000 0.00000000000 0.00000000000 0.00000000000 0.00000000000 0.00000000000 0.00000000000 0.00000000000 0.00000000000 0.00000000000 0.00000000000 0.00000000000 0.00000000000
# sel50_fsh[1]:
 0.00000000000 0.00000000000 0.00000000000 0.00000000000 0.00000000000 0.00000000000 0.00000000000 0.00000000000 0.00000000000 0.00000000000 0.00000000000 0.00000000000 0.00000000000 0.00000000000 0.00000000000 0.00000000000 0.00000000000 0.00000000000 0.00000000000 0.00000000000 0.00000000000 0.00000000000 0.00000000000 0.00000000000 0.00000000000 0.00000000000 0.00000000000 0.00000000000 0.00000000000 0.00000000000 0.00000000000 0.00000000000 0.00000000000 0.00000000000 0.00000000000 0.00000000000
# logsel_dslope_fsh[1]:
 0.00000000000 0.00000000000 0.00000000000 0.00000000000 0.00000000000 0.00000000000 0.00000000000 0.00000000000 0.00000000000 0.00000000000 0.00000000000 0.00000000000 0.00000000000 0.00000000000 0.00000000000 0.00000000000 0.00000000000 0.00000000000 0.00000000000 0.00000000000 0.00000000000 0.00000000000 0.00000000000 0.00000000000 0.00000000000 0.00000000000 0.00000000000 0.00000000000 0.00000000000 0.00000000000 0.00000000000 0.00000000000 0.00000000000 0.00000000000 0.00000000000 0.00000000000
# seld50_fsh[1]:
 8.00000000000 8.00000000000 8.00000000000 8.00000000000 8.00000000000 8.00000000000 8.00000000000 8.00000000000 8.00000000000 8.00000000000 8.00000000000 8.00000000000 8.00000000000 8.00000000000 8.00000000000 8.00000000000 8.00000000000 8.00000000000 8.00000000000 8.00000000000 8.00000000000 8.00000000000 8.00000000000 8.00000000000 8.00000000000 8.00000000000 8.00000000000 8.00000000000 8.00000000000 8.00000000000 8.00000000000 8.00000000000 8.00000000000 8.00000000000 8.00000000000 8.00000000000
# rec_dev_future:
 0.00000000000 0.00000000000 0.00000000000 0.00000000000 0.00000000000 0.00000000000 0.00000000000 0.00000000000 0.00000000000 0.00000000000
# log_q_ind[1]:
0.0436541539758
# log_q_power_ind[1]:
0.00000000000
# log_selcoffs_ind[1]:
 -4.06719713992 -1.53935501227 0.0235751569771 0.326614341486 0.253345071339 0.229869390596 0.404163123100 0.356361686964 0.0537430698005 -0.186228279878
# logsel_slope_ind[1]:
 0.00000000000
# sel50_ind[1]:
 0.00000000000
# logsel_dslope_ind[1]:
 0.00000000000
# seld50_ind[1]:
 8.00000000000
# repl_F:
0.0395893914337
