# Number of parameters = 137  Objective function value = 1236.58  Maximum gradient component = 3.64954e-05
# Mest:
0.0200000000030
# Mage_offset:
 1.94591014906 1.70474809224 1.09861228867
# log_Linf:
4.30945594184
# log_k:
-1.83258146375
# log_Lo:
2.89037175790
# log_sdage:
-2.40794560865
# mean_log_rec:
1.89892982300
# steepness:
0.700000000000
# log_Rzero:
1.88102806412
# rec_dev:
 0.0281049266244 0.0312847409565 0.0981507850074 0.202181952463 1.23238096280 1.24904276676 0.900402451268 0.397890663694 0.199534085214 1.29370593806 0.598426479664 0.977770919268 0.565426998931 0.733866840148 0.668461854374 3.08214737033 -0.297326158855 0.0393192022408 2.21233999293 1.11613318972 2.55434684520 0.768769875519 0.579596586068 0.522676199868 0.294020312623 -0.355902413531 0.942406386281 -0.624036719529 -0.0166397973298 -0.152727678687 0.568898345681 -0.535359039327 -0.0374762498992 -0.747837054124 -1.17970176436 -1.19671570070 -0.468568782534 -0.280085072633 -1.36841716179 -1.68493516136 -1.50836776315 -1.96544690352 -1.08040592379 -0.443405163290 -0.992012694369 -1.60024672615 -1.01504953038 -1.09309748469 -0.366815442832 -0.0127356087741 -0.00279609534098
# log_sigmar:
-0.510825623766
# fmort:
 0.0112516254869 0.0194478406499 0.0829785910559 0.0585864587619 0.0669333895232 0.0470387223409 0.0353420496568 0.0276886800282 0.0132233206509 0.0177588736016 0.0278955696818 0.00733391752016 0.0577998667131 0.0557301084638 0.0470313562250 0.0743842699611 0.110175107727 0.122741713713 0.0730783224309 0.0524949871706 0.0732832628875 0.00253811712839 0.00296982324814 0.00198247190981 0.00351473933728 0.00582685905550 0.00528668684894 0.00845397027430 0.00816135362550 0.0120675195610 0.00685492712268 0.0128128560134 0.0120639368674 0.0115560211195 0.00812032155542 0.0199215695745 0.0189617199081
# log_selcoffs_fsh[1]:
 -6.90293786854 -5.64341699265 -4.11322710816 -2.46100553696 -1.36167932854 -0.388574428091 0.636351612102 1.62332565926
 -6.99884149184 -5.70772852519 -4.30615256260 -2.81123852635 -1.40744622246 -0.304099398995 0.700896128605 1.59412889514
 -7.04975111365 -5.73208704282 -4.37028129040 -2.98775261054 -1.62430543897 -0.336367464451 0.737040448385 1.59568236085
 -7.08166070019 -5.76451682416 -4.41437591731 -3.04588004382 -1.70341096446 -0.412213841840 0.749173180980 1.60480151518
# log_sel_spl_fsh[1]:
 0.00000000000 0.00000000000 0.00000000000 0.00000000000
 0.00000000000 0.00000000000 0.00000000000 0.00000000000
 0.00000000000 0.00000000000 0.00000000000 0.00000000000
 0.00000000000 0.00000000000 0.00000000000 0.00000000000
# logsel_slope_fsh[1]:
 0.00000000000 0.00000000000 0.00000000000 0.00000000000
# sel50_fsh[1]:
 0.00000000000 0.00000000000 0.00000000000 0.00000000000
# logsel_dslope_fsh[1]:
 0.00000000000 0.00000000000 0.00000000000 0.00000000000
# seld50_fsh[1]:
 11.0000000000 11.0000000000 11.0000000000 11.0000000000
# rec_dev_future:
 0.00000000000 0.00000000000 0.00000000000 0.00000000000 0.00000000000
# log_q_ind[1]:
0.00000000000
# log_q_power_ind[1]:
0.00000000000
# log_selcoffs_ind[1]:
 -4.58712380637 -3.79178060661 -2.90970458899 -2.02817298469 -1.16228488368 -0.254979521705 0.690678394099 1.54722700145
# logsel_slope_ind[1]:
 0.00000000000
# sel50_ind[1]:
 0.00000000000
# logsel_dslope_ind[1]:
 0.00000000000
# seld50_ind[1]:
 11.0000000000
# repl_F:
0.470200247197
