# Number of parameters = 553 Objective function value = 271.202332819154  Maximum gradient component = 0.000129872894225560
# tau:
0.200000000000
# Mest:
0.300000000000
# log_Linf:
4.30945594184
# log_k:
-1.83258146375
# log_Lo:
2.89037175790
# log_sdage:
-2.40794560865
# mean_log_rec:
6.10332595251
# steepness:
0.800000000000
# log_Rzero:
6.20243013352
# rec_dev:
 -0.0884649805362 -0.116084891355 -0.161391501490 -0.233026412066 -0.369581889065 -0.557895889520 -0.286208024542 -0.330286748628 0.422016054941 0.574794619918 -0.228191765829 1.53598960915 0.146504722490 -0.385995147401 -0.297474516497 -0.745997932668 -0.434272492429 -0.350760513321 0.124650334120 -0.0226690045044 0.294296547351 0.0673442479416 0.996849352364 0.245335115165 -0.296857020373 0.154477360659 0.670295103876 -0.257758471200 -0.270449672047 0.685639026313 -0.788826149964 -0.347407200863 0.509812072219 1.33065786369 0.900241285055 1.01585044847 -0.525094742506 -0.228424268578 0.0725920940895 -0.291617792212 0.690897985170 0.536759828208 -0.644252735829 0.132497080476 -0.231096289041 0.168226335851 0.666598530701 0.297200986989 -0.964590989495 0.0915867303026 -0.273896381608 -0.0550990676092 -0.0565538993512 -7.52619033761e-08
# log_sigmar:
-0.716301429359
# fmort:
 0.0565207602354 0.0575187455753 0.0330057140470 0.0258573697158 0.0204610993844 0.0166544312421 0.0108699220773 0.0416629775257 0.0655657534605 0.0719357386573 0.0551860197211 0.0481499645029 0.0297725899518 0.0261484965973 0.0425920157479 0.0576882979620 0.0860516024953 0.111110112389 0.179467486827 0.256013216588 0.153688124472 0.185962718258 0.136361249693 0.124394191939 0.163799103308 0.117356562864 0.0997111401986 0.0795928667587 0.0762184807242 0.0858659636579 0.0854501080751 0.107034874921 0.162010817458 0.154680268090 0.105412529527 0.124946750736 0.0524309783803 0.0585106520717 0.129075214051 0.127643662904 0.148045364964 0.161916235532 0.149139244045 0.181620661107
# log_selcoffs_fsh[1]:
 -4.05376625464 -1.68728749237 0.275332817379 0.924763494156 0.895792277629 0.405747271565 -0.0930701413104 -0.612268928388 -1.12096333702 -1.46764318937
 -4.09680639184 -1.77382157331 0.360057751192 0.780894022893 0.877670419009 0.491071606563 0.00766568837443 -0.547431194336 -1.08933941368 -1.44846077752
 -4.10072890777 -2.05481258679 -0.0534553313967 0.904961086630 0.874320056923 0.525331251408 0.125990029607 -0.469104493840 -1.05567948603 -1.42926079288
 -4.09602148838 -2.08456767219 -0.238110165225 0.745477753277 0.859847228300 0.601947787799 0.366139720682 -0.335201091667 -0.998093186293 -1.39017020059
 -4.10838554874 -2.11619971395 -0.285373170890 0.428064880590 0.690155023111 0.707975207970 0.751358402319 -0.236280772893 -0.958119488333 -1.34666650188
 -4.13231359909 -2.19156504160 -0.566617195908 0.299778154849 0.963429127672 0.866054271569 0.432474354127 -0.297760316158 -0.918022338767 -1.29397303999
 -4.19241836285 -2.21028478687 -0.471968227617 0.336130162327 0.767556262503 0.932867949794 0.501802950309 -0.255850510424 -0.839084738672 -1.21206206756
 -4.27488884084 -2.23765852519 -0.472097174291 0.393205180388 0.714623042569 0.820050946995 0.552197642785 -0.115253285274 -0.688669631871 -1.11023703640
 -4.37628353045 -2.21915670236 -0.110223770287 0.500265956074 0.639203599354 0.638129618290 0.429175980532 0.00924316420981 -0.479584253405 -0.963100542364
 -4.44471881583 -2.29756582327 -0.191542729332 0.399587188699 0.557467224369 0.538407856295 0.453138925531 0.213913013260 -0.184271872789 -0.759554487929
 -4.48232562020 -2.32691600378 -0.281820864419 0.507691025148 0.565066828913 0.460681532543 0.389738449697 0.201626089426 -0.161682325285 -0.545034977060
 -4.50472489835 -2.36778710592 -0.274863068869 0.753428330954 0.610122362796 0.365770312388 0.282246343219 0.0784502122231 -0.239317278032 -0.627081284303
 -4.49607386894 -2.32622756644 -0.343078159761 0.666709964008 0.665524361716 0.422362204766 0.278162956544 0.0706494149722 -0.235299504595 -0.547366868635
 -4.51415651435 -2.36808180788 -0.298684103389 0.680521341928 0.638210785669 0.391126639117 0.274626782521 0.0691029901761 -0.209044462287 -0.497573128950
 -4.51317505558 -2.47167686370 -0.659706937820 0.435328087512 0.652944396254 0.542291468665 0.380620880530 0.151254005223 -0.126177312246 -0.366661223319
 -4.54219746710 -2.59047556377 -0.871916853432 0.257443791351 0.612445615795 0.588210606780 0.439322405934 0.228164704074 -0.0311340415489 -0.248970870349
 -4.60246621942 -2.72372087776 -1.03707585886 0.0586319819618 0.525722421673 0.627266984797 0.495937190871 0.315375743348 0.0683713197690 -0.148815521012
 -4.68886262866 -2.88234173789 -1.18779308060 -0.0898929712664 0.461455958125 0.606342645305 0.517335828233 0.409649230203 0.170161280151 -0.0764008740947
 -4.78191330460 -2.97381090540 -1.30494688505 -0.111364534867 0.344060111014 0.540342792013 0.575783350880 0.468010199275 0.238027405706 0.00336711523291
 -4.89246992281 -3.06351464422 -1.40605062843 -0.200996679406 0.285308877461 0.506540247418 0.601230768545 0.552576642509 0.265415846993 0.0266188963721
 -5.00413090802 -3.13163725892 -1.41626528007 -0.219108295972 0.338705710594 0.476319568503 0.575193119559 0.536586259706 0.297705291134 0.0546066139429
 -5.14024458012 -3.20294675589 -1.47660412817 -0.154719921695 0.311720664362 0.445639351882 0.564933319871 0.559966391018 0.321932078501 0.0501584978284
 -5.30344326893 -3.25251709552 -1.38084518538 -0.0254490154110 0.248158502240 0.417579513315 0.528518298761 0.621092754346 0.324015230057 -0.00992914179567
 -5.45323555861 -3.34791088781 -1.11684669971 -0.0987293814958 0.235080061316 0.427563134788 0.566691464154 0.662800296782 0.280784063947 -0.103225490050
 -5.46316022739 -3.39346577199 -1.15877533019 -0.0827415042195 0.288201468205 0.464897075815 0.643911167326 0.592600974859 0.222077054680 -0.173680959957
 -5.39696045368 -3.29136311571 -1.26222216748 -0.0636932097413 0.299824691612 0.482738136520 0.709025019596 0.555569569450 0.163023575517 -0.204794536257
 -5.29619552692 -3.18765628771 -1.02063282190 -0.0541010745517 0.357762338096 0.509721928709 0.641541694683 0.556579369506 0.114520660553 -0.241273528288
 -5.17741747254 -2.88740713311 -0.850280739482 0.0984438288967 0.419953046576 0.508372810036 0.568760827706 0.460584836896 0.0987540835950 -0.263258592005
 -5.08275006010 -2.59073858289 -0.649115540234 0.159359333623 0.423276689972 0.502097156125 0.584978947809 0.369780127122 0.0452424691483 -0.280011304269
 -5.04115315740 -2.32379055290 -0.171489923114 0.133065084179 0.357045791465 0.432589959250 0.541675552396 0.333004481143 0.0569603075595 -0.264093806118
 -5.06179320373 -2.30630595212 -0.134393795030 0.225679521180 0.220309796336 0.327137485244 0.551462163157 0.393616493261 0.124666591386 -0.245554429726
 -5.09226840927 -2.45273870586 -0.366928924023 0.123758492640 0.183938308484 0.364856748951 0.529720300979 0.447655454192 0.307378967232 -0.200899428315
 -5.11606365087 -2.69538801810 -0.743162712352 0.0542876038319 0.313880537547 0.388934857442 0.559280905710 0.462574350262 0.264404919062 -0.0935117933729
 -5.18988269317 -2.86676015095 -1.04210193648 0.0541818179847 0.337740313117 0.500579400528 0.515820799080 0.418626552159 0.288898070542 -0.0535473231408
 -5.25542469231 -3.02727259651 -1.20773177591 -0.274242005785 0.259119262114 0.514625083372 0.502140744326 0.382741961498 0.396214434123 0.272900201846
 -5.36002314410 -3.09933432627 -1.21457065663 -0.417047259794 0.0789630425742 0.445647926427 0.504900511556 0.415793699982 0.441357607058 0.484594414047
 -5.51008538938 -3.01311200420 -0.744229442629 -0.0167282113770 0.0601167579633 0.320601479068 0.455384122374 0.424214689511 0.413019358471 0.358963653273
 -5.63782850249 -3.05030834121 0.116955047518 -0.284976137197 0.103954661369 0.293965241211 0.252244081627 0.394948349288 0.454310928993 0.243260885260
 -5.66184928786 -3.32456385930 -1.06689740638 -0.362735740048 -0.0103868185386 0.287096034638 0.496736686543 0.738851807912 0.590414006788 0.0552988600660
 -5.67188936661 -3.42252099325 -1.40483482182 -0.254810874173 -0.139378024256 0.230774634992 0.526086693696 0.698512762071 0.737291379714 0.0204498369109
 -5.65631422631 -3.46914281642 -1.50395141487 -0.292726302769 0.117000539810 0.298173865310 0.600930046817 0.578588541372 0.582351536259 0.120261299500
 -5.66948689756 -3.48346510798 -1.45894981089 -0.496107311136 0.303826128384 0.535452615583 0.502174408120 0.607745096445 0.459673376037 -0.0109949683885
 -5.66729344843 -3.50416093412 -1.74040238925 -0.532231246088 0.219521956543 0.596713375509 0.754636333047 0.533663109119 0.353949554155 -0.121695015103
# log_sel_spl_fsh[1]:
 0.00000000000 0.00000000000 0.00000000000 0.00000000000
 0.00000000000 0.00000000000 0.00000000000 0.00000000000
 0.00000000000 0.00000000000 0.00000000000 0.00000000000
 0.00000000000 0.00000000000 0.00000000000 0.00000000000
 0.00000000000 0.00000000000 0.00000000000 0.00000000000
 0.00000000000 0.00000000000 0.00000000000 0.00000000000
 0.00000000000 0.00000000000 0.00000000000 0.00000000000
 0.00000000000 0.00000000000 0.00000000000 0.00000000000
 0.00000000000 0.00000000000 0.00000000000 0.00000000000
 0.00000000000 0.00000000000 0.00000000000 0.00000000000
 0.00000000000 0.00000000000 0.00000000000 0.00000000000
 0.00000000000 0.00000000000 0.00000000000 0.00000000000
 0.00000000000 0.00000000000 0.00000000000 0.00000000000
 0.00000000000 0.00000000000 0.00000000000 0.00000000000
 0.00000000000 0.00000000000 0.00000000000 0.00000000000
 0.00000000000 0.00000000000 0.00000000000 0.00000000000
 0.00000000000 0.00000000000 0.00000000000 0.00000000000
 0.00000000000 0.00000000000 0.00000000000 0.00000000000
 0.00000000000 0.00000000000 0.00000000000 0.00000000000
 0.00000000000 0.00000000000 0.00000000000 0.00000000000
 0.00000000000 0.00000000000 0.00000000000 0.00000000000
 0.00000000000 0.00000000000 0.00000000000 0.00000000000
 0.00000000000 0.00000000000 0.00000000000 0.00000000000
 0.00000000000 0.00000000000 0.00000000000 0.00000000000
 0.00000000000 0.00000000000 0.00000000000 0.00000000000
 0.00000000000 0.00000000000 0.00000000000 0.00000000000
 0.00000000000 0.00000000000 0.00000000000 0.00000000000
 0.00000000000 0.00000000000 0.00000000000 0.00000000000
 0.00000000000 0.00000000000 0.00000000000 0.00000000000
 0.00000000000 0.00000000000 0.00000000000 0.00000000000
 0.00000000000 0.00000000000 0.00000000000 0.00000000000
 0.00000000000 0.00000000000 0.00000000000 0.00000000000
 0.00000000000 0.00000000000 0.00000000000 0.00000000000
 0.00000000000 0.00000000000 0.00000000000 0.00000000000
 0.00000000000 0.00000000000 0.00000000000 0.00000000000
 0.00000000000 0.00000000000 0.00000000000 0.00000000000
 0.00000000000 0.00000000000 0.00000000000 0.00000000000
 0.00000000000 0.00000000000 0.00000000000 0.00000000000
 0.00000000000 0.00000000000 0.00000000000 0.00000000000
 0.00000000000 0.00000000000 0.00000000000 0.00000000000
 0.00000000000 0.00000000000 0.00000000000 0.00000000000
 0.00000000000 0.00000000000 0.00000000000 0.00000000000
 0.00000000000 0.00000000000 0.00000000000 0.00000000000
# logsel_slope_fsh[1]:
 0.00000000000 0.00000000000 0.00000000000 0.00000000000 0.00000000000 0.00000000000 0.00000000000 0.00000000000 0.00000000000 0.00000000000 0.00000000000 0.00000000000 0.00000000000 0.00000000000 0.00000000000 0.00000000000 0.00000000000 0.00000000000 0.00000000000 0.00000000000 0.00000000000 0.00000000000 0.00000000000 0.00000000000 0.00000000000 0.00000000000 0.00000000000 0.00000000000 0.00000000000 0.00000000000 0.00000000000 0.00000000000 0.00000000000 0.00000000000 0.00000000000 0.00000000000 0.00000000000 0.00000000000 0.00000000000 0.00000000000 0.00000000000 0.00000000000 0.00000000000
# sel50_fsh[1]:
 0.00000000000 0.00000000000 0.00000000000 0.00000000000 0.00000000000 0.00000000000 0.00000000000 0.00000000000 0.00000000000 0.00000000000 0.00000000000 0.00000000000 0.00000000000 0.00000000000 0.00000000000 0.00000000000 0.00000000000 0.00000000000 0.00000000000 0.00000000000 0.00000000000 0.00000000000 0.00000000000 0.00000000000 0.00000000000 0.00000000000 0.00000000000 0.00000000000 0.00000000000 0.00000000000 0.00000000000 0.00000000000 0.00000000000 0.00000000000 0.00000000000 0.00000000000 0.00000000000 0.00000000000 0.00000000000 0.00000000000 0.00000000000 0.00000000000 0.00000000000
# logsel_dslope_fsh[1]:
 0.00000000000 0.00000000000 0.00000000000 0.00000000000 0.00000000000 0.00000000000 0.00000000000 0.00000000000 0.00000000000 0.00000000000 0.00000000000 0.00000000000 0.00000000000 0.00000000000 0.00000000000 0.00000000000 0.00000000000 0.00000000000 0.00000000000 0.00000000000 0.00000000000 0.00000000000 0.00000000000 0.00000000000 0.00000000000 0.00000000000 0.00000000000 0.00000000000 0.00000000000 0.00000000000 0.00000000000 0.00000000000 0.00000000000 0.00000000000 0.00000000000 0.00000000000 0.00000000000 0.00000000000 0.00000000000 0.00000000000 0.00000000000 0.00000000000 0.00000000000
# seld50_fsh[1]:
 8.00000000000 8.00000000000 8.00000000000 8.00000000000 8.00000000000 8.00000000000 8.00000000000 8.00000000000 8.00000000000 8.00000000000 8.00000000000 8.00000000000 8.00000000000 8.00000000000 8.00000000000 8.00000000000 8.00000000000 8.00000000000 8.00000000000 8.00000000000 8.00000000000 8.00000000000 8.00000000000 8.00000000000 8.00000000000 8.00000000000 8.00000000000 8.00000000000 8.00000000000 8.00000000000 8.00000000000 8.00000000000 8.00000000000 8.00000000000 8.00000000000 8.00000000000 8.00000000000 8.00000000000 8.00000000000 8.00000000000 8.00000000000 8.00000000000 8.00000000000
# rec_dev_future:
 0.00000000000 0.00000000000 0.00000000000 0.00000000000 0.00000000000 0.00000000000 0.00000000000 0.00000000000 0.00000000000 0.00000000000
# log_q_ind[1]:
0.380642938499
# log_q_power_ind[1]:
0.00000000000
# log_selcoffs_ind[1]:
 -3.95246353297 -1.70627179466 -0.311598647015 0.0422297082070 -0.00701612824559 0.0876387228352 0.359720493709 0.505264713666 0.422220764120 0.280311095466
# logsel_slope_ind[1]:
 0.00000000000
# sel50_ind[1]:
 0.00000000000
# logsel_dslope_ind[1]:
 0.00000000000
# seld50_ind[1]:
 8.00000000000
# repl_F:
0.105460647946
