# Number of parameters = 395  Objective function value = 71.3630  Maximum gradient component = 0.000185028
# Mest:
0.490000000000
# log_Linf:
4.30945594184
# log_k:
-1.83258146375
# log_Lo:
2.89037175790
# log_sdage:
-2.40794560865
# mean_log_rec:
7.90506678163
# steepness:
0.800000000000
# log_Rzero:
8.08359639565
# rec_dev:
 -1.28485109094e-05 -2.08224362606e-05 -3.34417618486e-05 -5.30365074383e-05 -8.36899926941e-05 -0.000131898128398 -0.000208868846700 -0.000331525508141 -0.000527683779222 -0.000847720812516 -0.00137230525962 -0.00223272857869 -0.00364357212559 -0.00593075116258 -0.00960635605295 -0.0155052290810 -0.0248943832190 -0.0398018809527 -0.0631711825094 -0.0988106523497 -0.149901672846 -0.219272579508 -0.308246654319 -0.421672294549 -0.509711875003 -0.210185231980 0.0633364086836 0.168235408722 0.194424447711 -0.0652986541416 0.135002591020 0.0455296218479 0.0350033893951 0.0763133899834 -0.0864299696699 -0.0916640269070 -0.0667907972670 0.109121660324 -0.111888548115 -0.162363772897 -0.0637220457727 0.245143349554 0.131666294062 0.0543211306989 -0.309351896488 -0.136777779866 0.0121222136268 0.171456920864 0.242043940930 0.389922796629 0.670724515608 0.548136397522 0.0350456048390 -0.158653815299 0.0213700262638 -0.0357099494393 -0.0976756790717 -0.178904707449 0.0253109582055 -0.160812407228 -0.0991179515720 0.0661934114791 0.0804741858686 0.206084540140 0.198497100762 0.261585675052 0.130755102640 0.0526933664373 0.100657563391 -0.0392515631768 -8.15608736104e-09
# log_sigmar:
-0.510825623766
# fmort:
 0.00576650978292 0.00780525894122 0.00838287483055 0.00557853466707 0.0115617628643 0.00735558895105 0.00693579224008 0.00563387071932 0.00252954622323 0.000703643485835 0.000925549990163 0.000744748339326 0.00171381503718 0.00229690563076 0.00104695793945 0.00320051859518 0.000928402086939 0.00127750672531 0.00507979348752 0.0224778994604 0.0230637202113 0.0398624646668 0.0532721416874 0.0508761647296 0.0605775816473 0.0599961984487 0.100864022610 0.118466157096 0.116943369449 0.162182080356 0.103502435060 0.175044067400 0.187548926110 0.240503070456 0.222996350341 0.188405894259 0.255494663310 0.197826260449 0.220285531102 0.237452823381 0.189859977475 0.156266022734 0.160560546114 0.196013516041 0.254765428824 0.238199642915 0.351171568266 0.186959442474 0.209194004956 0.237309026920 0.203771579347 0.274784704266 0.203613943667 0.168709220623 0.203598869276 0.152733505713 0.106055073466 0.129536406339 0.155758648173 0.0844181737456 0.0633144971406 0.0921849951265 0.0728124047562 0.0668249994009 0.0753102348186
 0.00819205505133 0.0110883563335 0.0119089336508 0.00792501387828 0.0164249541460 0.0104495492715 0.00985317817849 0.00800363510394 0.00359354311442 0.000999614782405 0.00131486180846 0.00105800906937 0.00243469147797 0.00326304721988 0.00148733682237 0.00454675544418 0.00131891424034 0.00181486517181 0.00721662173720 0.0319363240208 0.0327697645489 0.0566454252834 0.0757054809504 0.184603725091 0.260737829801 0.248571494725 0.252932843850 0.306246733059 0.350207352662 0.363891587954 0.490142864251 0.395129782908 0.529485786221 0.473329862049 0.434079513116 0.561120104369 0.475913547850 0.378220198561 0.324334299970 0.410524088563 0.255829884268 0.261208983872 0.197212215192 0.263623279027 0.410246125400 0.247121506120 0.347794251785 0.245928155953 0.199598746202 0.144270669050 0.124247207488 0.105202030611 0.123510711247 0.114700850230 0.0938502936507 0.103576089754 0.0951480540927 0.0955043413348 0.100645391798 0.0937569920639 0.0778653064274 0.0698355059813 0.0628345850907 0.0370489309630 0.0550857158583
# log_selcoffs_fsh[1]:
 -3.81828897593 -1.24942480989 0.0466520476351 0.492971466419 0.696358929567
 -3.39404876757 -1.25732510105 0.0320772894326 0.517728384061 0.678645215343
 -3.28295232404 -1.12877607742 -0.0203445580864 0.464667485499 0.726440699768
 -3.26293327754 -1.25349898208 -0.162645363254 0.432075231337 0.826749508073
 -3.11385079212 -0.993956241174 0.0612192118463 0.429871290844 0.685754572247
 -2.45574670599 -0.741634641601 -0.155271729101 0.360110280183 0.764628544337
 -2.61284803518 -0.906773786699 -0.00175512070039 0.392591717994 0.714805704626
 -3.23279006910 -1.09328785446 -0.0297463344925 0.420629870341 0.756979644262
 -3.42910839848 -1.39126918815 -0.369504236725 0.371543236356 0.946927553809
 -3.34313607859 -1.22971363298 -0.359121141898 0.328076415308 0.950001253549
 -3.05349711111 -1.26894965202 -0.348420095752 0.377333848202 0.919280754459
 -2.75595806017 -0.687284016672 0.00264946496397 0.341213793503 0.705176920963
 -3.05815157778 -1.04287371691 0.128367388103 0.504695772079 0.591741620412
 -2.83903919589 -1.08955104894 -0.0953044784531 0.395174236925 0.793631118180
 -3.07383238885 -1.14221765106 8.52240595505e-05 0.476321927428 0.705282913330
 -2.99133054330 -0.900479691440 0.0752867427247 0.448443089162 0.641505992538
 -2.73798690853 -0.555356181121 0.197278172533 0.374268674295 0.524385956458
 -2.79536013195 -0.669221726023 0.152072667393 0.448492079229 0.528629922991
 -2.30874668261 -0.684613161699 0.0692309432970 0.455603188123 0.558198166118
 -2.39608204844 -0.267715044289 0.432965349165 0.388987305001 0.119107964286
 -2.53751088398 -0.537006270379 0.331963269479 0.486157552966 0.275116280500
 -2.51208948414 -0.436584494919 0.432805877500 0.424359868530 0.184380244646
 -2.56222378527 -0.319883501155 0.314959723884 0.420315486353 0.265426822483
 -2.41204785505 -0.586580945167 0.183778760866 0.474084829265 0.435573570949
 -2.48107090897 -0.597524094222 0.230061444756 0.357112933235 0.517781179153
 -3.09403804571 -1.15819503926 0.0758139746776 0.490307624094 0.657026916026
 -3.51217619889 -1.56817295013 -0.0188050743704 0.551742229937 0.714955846703
 -3.65712163069 -1.40866408485 0.264583362971 0.535777994418 0.541194864966
 -3.69042229025 -1.59345067130 0.0462745077876 0.616194304988 0.627320651883
 -3.48597300537 -1.36514953458 0.0836697230814 0.522921937435 0.662592200306
 -3.37907926035 -1.30832452215 0.150654673199 0.552123678133 0.585626420458
 -2.99676133651 -1.05061177551 0.171472129203 0.532930679277 0.536117862251
 -3.17410884445 -1.11570476546 0.320252048066 0.608029631539 0.347977812071
 -2.95636231975 -0.870033555815 0.272694815582 0.473988610321 0.475716487596
 -2.85493335118 -0.811379183207 0.283329089524 0.496427830848 0.423836095779
 -3.17551879526 -0.899078289615 0.377485107950 0.518877567736 0.345382800243
# log_selcoffs_fsh[2]:
 0.00000000000 0.00000000000 0.00000000000 0.00000000000 0.00000000000
# log_sel_spl_fsh[1]:
 0.00000000000 0.00000000000 0.00000000000 0.00000000000
 0.00000000000 0.00000000000 0.00000000000 0.00000000000
 0.00000000000 0.00000000000 0.00000000000 0.00000000000
 0.00000000000 0.00000000000 0.00000000000 0.00000000000
 0.00000000000 0.00000000000 0.00000000000 0.00000000000
 0.00000000000 0.00000000000 0.00000000000 0.00000000000
 0.00000000000 0.00000000000 0.00000000000 0.00000000000
 0.00000000000 0.00000000000 0.00000000000 0.00000000000
 0.00000000000 0.00000000000 0.00000000000 0.00000000000
 0.00000000000 0.00000000000 0.00000000000 0.00000000000
 0.00000000000 0.00000000000 0.00000000000 0.00000000000
 0.00000000000 0.00000000000 0.00000000000 0.00000000000
 0.00000000000 0.00000000000 0.00000000000 0.00000000000
 0.00000000000 0.00000000000 0.00000000000 0.00000000000
 0.00000000000 0.00000000000 0.00000000000 0.00000000000
 0.00000000000 0.00000000000 0.00000000000 0.00000000000
 0.00000000000 0.00000000000 0.00000000000 0.00000000000
 0.00000000000 0.00000000000 0.00000000000 0.00000000000
 0.00000000000 0.00000000000 0.00000000000 0.00000000000
 0.00000000000 0.00000000000 0.00000000000 0.00000000000
 0.00000000000 0.00000000000 0.00000000000 0.00000000000
 0.00000000000 0.00000000000 0.00000000000 0.00000000000
 0.00000000000 0.00000000000 0.00000000000 0.00000000000
 0.00000000000 0.00000000000 0.00000000000 0.00000000000
 0.00000000000 0.00000000000 0.00000000000 0.00000000000
 0.00000000000 0.00000000000 0.00000000000 0.00000000000
 0.00000000000 0.00000000000 0.00000000000 0.00000000000
 0.00000000000 0.00000000000 0.00000000000 0.00000000000
 0.00000000000 0.00000000000 0.00000000000 0.00000000000
 0.00000000000 0.00000000000 0.00000000000 0.00000000000
 0.00000000000 0.00000000000 0.00000000000 0.00000000000
 0.00000000000 0.00000000000 0.00000000000 0.00000000000
 0.00000000000 0.00000000000 0.00000000000 0.00000000000
 0.00000000000 0.00000000000 0.00000000000 0.00000000000
 0.00000000000 0.00000000000 0.00000000000 0.00000000000
 0.00000000000 0.00000000000 0.00000000000 0.00000000000
# log_sel_spl_fsh[2]:
 0.00000000000 0.00000000000 0.00000000000 0.00000000000
# logsel_slope_fsh[1]:
 0.00000000000 0.00000000000 0.00000000000 0.00000000000 0.00000000000 0.00000000000 0.00000000000 0.00000000000 0.00000000000 0.00000000000 0.00000000000 0.00000000000 0.00000000000 0.00000000000 0.00000000000 0.00000000000 0.00000000000 0.00000000000 0.00000000000 0.00000000000 0.00000000000 0.00000000000 0.00000000000 0.00000000000 0.00000000000 0.00000000000 0.00000000000 0.00000000000 0.00000000000 0.00000000000 0.00000000000 0.00000000000 0.00000000000 0.00000000000 0.00000000000 0.00000000000
# logsel_slope_fsh[2]:
 0.00000000000
# sel50_fsh[1]:
 0.00000000000 0.00000000000 0.00000000000 0.00000000000 0.00000000000 0.00000000000 0.00000000000 0.00000000000 0.00000000000 0.00000000000 0.00000000000 0.00000000000 0.00000000000 0.00000000000 0.00000000000 0.00000000000 0.00000000000 0.00000000000 0.00000000000 0.00000000000 0.00000000000 0.00000000000 0.00000000000 0.00000000000 0.00000000000 0.00000000000 0.00000000000 0.00000000000 0.00000000000 0.00000000000 0.00000000000 0.00000000000 0.00000000000 0.00000000000 0.00000000000 0.00000000000
# sel50_fsh[2]:
 0.00000000000
# logsel_dslope_fsh[1]:
 0.00000000000 0.00000000000 0.00000000000 0.00000000000 0.00000000000 0.00000000000 0.00000000000 0.00000000000 0.00000000000 0.00000000000 0.00000000000 0.00000000000 0.00000000000 0.00000000000 0.00000000000 0.00000000000 0.00000000000 0.00000000000 0.00000000000 0.00000000000 0.00000000000 0.00000000000 0.00000000000 0.00000000000 0.00000000000 0.00000000000 0.00000000000 0.00000000000 0.00000000000 0.00000000000 0.00000000000 0.00000000000 0.00000000000 0.00000000000 0.00000000000 0.00000000000
# logsel_dslope_fsh[2]:
 0.00000000000
# seld50_fsh[1]:
 5.00000000000 5.00000000000 5.00000000000 5.00000000000 5.00000000000 5.00000000000 5.00000000000 5.00000000000 5.00000000000 5.00000000000 5.00000000000 5.00000000000 5.00000000000 5.00000000000 5.00000000000 5.00000000000 5.00000000000 5.00000000000 5.00000000000 5.00000000000 5.00000000000 5.00000000000 5.00000000000 5.00000000000 5.00000000000 5.00000000000 5.00000000000 5.00000000000 5.00000000000 5.00000000000 5.00000000000 5.00000000000 5.00000000000 5.00000000000 5.00000000000 5.00000000000
# seld50_fsh[2]:
 5.00000000000
# rec_dev_future:
 0.00000000000 0.00000000000 0.00000000000 0.00000000000 0.00000000000 0.00000000000 0.00000000000 0.00000000000 0.00000000000 0.00000000000
# log_q_ind[1]:
-4.05606042168
# log_q_power_ind[1]:
-0.693147180560
# log_selcoffs_ind[1]:
 -1.31372330269 -0.0609606913411 0.295714209740 0.295714209740 0.295714209740
# logsel_slope_ind[1]:
 0.00000000000
# sel50_ind[1]:
 0.00000000000
# logsel_dslope_ind[1]:
 0.00000000000
# seld50_ind[1]:
 5.00000000000
# repl_F:
0.0360570348863
