# Number of parameters = 395  Objective function value = 64.0818  Maximum gradient component = 2.99958e-05
# Mest:
0.490000000000
# log_Linf:
4.30945594184
# log_k:
-1.83258146375
# log_Lo:
2.89037175790
# log_sdage:
-2.40794560865
# mean_log_rec:
7.85916679841
# steepness:
0.800000000000
# log_Rzero:
8.02553494703
# rec_dev:
 -1.21543693083e-05 -1.96687066545e-05 -3.15471841343e-05 -4.99554658937e-05 -7.86618643964e-05 -0.000123715896919 -0.000195607629768 -0.000309987939621 -0.000492812794564 -0.000791101281484 -0.00128017848524 -0.00208288682881 -0.00339938350745 -0.00553374777410 -0.00896327513570 -0.0144702182955 -0.0232396609580 -0.0371834039546 -0.0590903841034 -0.0926014299035 -0.140775190826 -0.206405414417 -0.290974384023 -0.399648461635 -0.482555878830 -0.176893983072 0.102732484048 0.209860510139 0.237351443754 -0.0224495871546 0.180182127354 0.0831592662677 0.0765020753535 0.124562127381 -0.0299090949443 -0.0259663618450 0.00217278098486 0.175114847261 -0.0581332843708 -0.120639250837 -0.0293411540309 0.286360075860 0.179369005189 0.0996996732091 -0.283382408466 -0.126724119547 0.0190873376420 0.186603146522 0.263163526582 0.426719672421 0.733069006785 0.589397506451 0.0700361618236 -0.124518411679 0.0514425443323 -0.00851565465694 -0.0870824861112 -0.196720826373 -0.0268395400863 -0.240918552122 -0.169858445879 -0.00752010220142 -0.0355290084462 0.0292316146217 -0.0163910305822 0.0420564760159 -0.0682175006242 -0.111633466757 0.00815317942883 -0.0649583707232 -8.96881502399e-09
# log_sigmar:
-0.510825623766
# fmort:
 0.00605507865764 0.00819704740119 0.00880747855579 0.00586203569154 0.0121535401577 0.00773505620742 0.00729272549438 0.00592208170671 0.00265731015188 0.000738518264867 0.000970601977421 0.000780466838423 0.00179501976951 0.00240455805549 0.00109520182508 0.00334459448426 0.000968758719545 0.00133015659773 0.00527625618267 0.0233070931149 0.0238773687548 0.0411776125944 0.0548551863842 0.0522001977462 0.0620111837429 0.0613114072227 0.102922182340 0.121031894298 0.119578062856 0.166145906650 0.106409475721 0.172487077478 0.180344406894 0.214979061665 0.201717646999 0.169349875643 0.234259057494 0.195069916169 0.220776062644 0.232938772067 0.187787998116 0.158246357887 0.172729179109 0.215413318616 0.279770001660 0.274389323412 0.353204461746 0.203324475004 0.218994067300 0.247200271610 0.220260144857 0.288300133630 0.217200060098 0.182870191194 0.226113016669 0.183781206177 0.135959580571 0.164132770090 0.197412180304 0.115321748222 0.0946307533687 0.140802488409 0.116610028678 0.104843634733 0.113016863908
 0.00860200355314 0.0116449413242 0.0125121368891 0.00832776290027 0.0172656487761 0.0109886305729 0.0103602471433 0.00841307542188 0.00377504797638 0.00104915881446 0.00137886386767 0.00110875170568 0.00255005305806 0.00341598111781 0.00155587336035 0.00475143365370 0.00137624595561 0.00188966102458 0.00749572306407 0.0331143234805 0.0339256658802 0.0585136028805 0.0779534919432 0.189370590022 0.266827946438 0.253971087046 0.258054712907 0.312807693551 0.357993348785 0.372691629300 0.503618575385 0.389205949335 0.508951093997 0.423069434094 0.392753261517 0.504502602793 0.436424385325 0.372975006577 0.325014459826 0.402653397113 0.253038909051 0.264535258889 0.212163099778 0.289686636698 0.450433351927 0.284664388311 0.349809514323 0.267462652440 0.208953436289 0.150287621606 0.134306556515 0.110415828412 0.131760994087 0.124329450463 0.104198385352 0.124592632740 0.121974341439 0.121025271370 0.127547977537 0.128093713546 0.116398513114 0.106648934988 0.100617146096 0.0581119509307 0.0826662524205
# log_selcoffs_fsh[1]:
 -3.83719527478 -1.26342229113 0.0357734703047 0.488152061847 0.708054248322
 -3.42331566601 -1.27875557222 0.0200475013868 0.516029884734 0.689841466830
 -3.31721373912 -1.15826054260 -0.0389154191106 0.462907489362 0.741554377554
 -3.28705129915 -1.28646415220 -0.195148433449 0.418499648417 0.851858015308
 -3.11677621731 -0.997936788662 0.0612337020191 0.432568588641 0.684460804851
 -2.42187459393 -0.724005757159 -0.148894040641 0.357679854513 0.758359112182
 -2.54831005835 -0.832620996675 0.0688968077678 0.413184888300 0.643919245385
 -3.15230909696 -1.02041133772 0.0233081232521 0.432958834025 0.708727884941
 -3.35325338056 -1.31131289520 -0.303224773915 0.392326151884 0.906931062150
 -3.29552197546 -1.17061471361 -0.297506008122 0.355699750224 0.909438504768
 -3.02966591696 -1.26381382671 -0.351917887752 0.375709633158 0.920175886204
 -2.73033897704 -0.686426434308 -0.00842950609268 0.333910574898 0.714618484029
 -3.02645998669 -1.01444098311 0.148352367811 0.507076865700 0.570163378199
 -2.81062108365 -1.05703442612 -0.0697740594334 0.399871302468 0.773856000117
 -3.07824252384 -1.12892577878 0.0236675913976 0.485873043518 0.683619916349
 -3.02915852406 -0.939006882629 0.0453770770912 0.444515330770 0.670119720257
 -2.80329476350 -0.609684780862 0.158441518511 0.372748799916 0.572371103121
 -2.89076251167 -0.730562481254 0.133416406579 0.459101693102 0.552418964978
 -2.39565525556 -0.796944858284 -0.0136020418065 0.458192930879 0.636830306225
 -2.44452912504 -0.261035796953 0.455388999692 0.387526185774 0.0887994884631
 -2.56980085420 -0.589469656022 0.278664096810 0.485801590753 0.352055181581
 -2.54042546923 -0.458508720277 0.419884603536 0.428516550812 0.208782260848
 -2.58773870564 -0.331699234257 0.314209746412 0.425414165144 0.268274482687
 -2.42437441255 -0.628576661105 0.136936197306 0.468758057344 0.490634837498
 -2.47281279797 -0.595711754082 0.229161716535 0.357506162256 0.517112519215
 -3.06797006197 -1.14660476860 0.0756456936845 0.486129095011 0.658131533140
 -3.49150777825 -1.54991234433 -0.00801438555342 0.554762232493 0.704944321720
 -3.67239699662 -1.39849418459 0.291423476258 0.546199171068 0.508386860658
 -3.73181436687 -1.64054617386 0.0150848983253 0.617913728856 0.648109765070
 -3.51453953878 -1.44514249028 -0.0117227617999 0.492146079931 0.746857251529
 -3.38874349134 -1.34319687754 0.103593276769 0.537742972737 0.633371497709
 -3.01571063879 -1.04752827860 0.185422870390 0.545372675753 0.513545918494
 -3.23459020089 -1.15149516104 0.306279447992 0.613312568501 0.364337547947
 -3.06760938414 -0.973042795986 0.186843882697 0.461032934156 0.579074527233
 -3.04667565230 -0.945245312473 0.216787485287 0.504103984082 0.510616121403
 -3.41838365639 -1.10259882305 0.246957513732 0.516540552912 0.518129272337
# log_selcoffs_fsh[2]:
 0.00000000000 0.00000000000 0.00000000000 0.00000000000 0.00000000000
# log_sel_spl_fsh[1]:
 0.00000000000 0.00000000000 0.00000000000 0.00000000000
 0.00000000000 0.00000000000 0.00000000000 0.00000000000
 0.00000000000 0.00000000000 0.00000000000 0.00000000000
 0.00000000000 0.00000000000 0.00000000000 0.00000000000
 0.00000000000 0.00000000000 0.00000000000 0.00000000000
 0.00000000000 0.00000000000 0.00000000000 0.00000000000
 0.00000000000 0.00000000000 0.00000000000 0.00000000000
 0.00000000000 0.00000000000 0.00000000000 0.00000000000
 0.00000000000 0.00000000000 0.00000000000 0.00000000000
 0.00000000000 0.00000000000 0.00000000000 0.00000000000
 0.00000000000 0.00000000000 0.00000000000 0.00000000000
 0.00000000000 0.00000000000 0.00000000000 0.00000000000
 0.00000000000 0.00000000000 0.00000000000 0.00000000000
 0.00000000000 0.00000000000 0.00000000000 0.00000000000
 0.00000000000 0.00000000000 0.00000000000 0.00000000000
 0.00000000000 0.00000000000 0.00000000000 0.00000000000
 0.00000000000 0.00000000000 0.00000000000 0.00000000000
 0.00000000000 0.00000000000 0.00000000000 0.00000000000
 0.00000000000 0.00000000000 0.00000000000 0.00000000000
 0.00000000000 0.00000000000 0.00000000000 0.00000000000
 0.00000000000 0.00000000000 0.00000000000 0.00000000000
 0.00000000000 0.00000000000 0.00000000000 0.00000000000
 0.00000000000 0.00000000000 0.00000000000 0.00000000000
 0.00000000000 0.00000000000 0.00000000000 0.00000000000
 0.00000000000 0.00000000000 0.00000000000 0.00000000000
 0.00000000000 0.00000000000 0.00000000000 0.00000000000
 0.00000000000 0.00000000000 0.00000000000 0.00000000000
 0.00000000000 0.00000000000 0.00000000000 0.00000000000
 0.00000000000 0.00000000000 0.00000000000 0.00000000000
 0.00000000000 0.00000000000 0.00000000000 0.00000000000
 0.00000000000 0.00000000000 0.00000000000 0.00000000000
 0.00000000000 0.00000000000 0.00000000000 0.00000000000
 0.00000000000 0.00000000000 0.00000000000 0.00000000000
 0.00000000000 0.00000000000 0.00000000000 0.00000000000
 0.00000000000 0.00000000000 0.00000000000 0.00000000000
 0.00000000000 0.00000000000 0.00000000000 0.00000000000
# log_sel_spl_fsh[2]:
 0.00000000000 0.00000000000 0.00000000000 0.00000000000
# logsel_slope_fsh[1]:
 0.00000000000 0.00000000000 0.00000000000 0.00000000000 0.00000000000 0.00000000000 0.00000000000 0.00000000000 0.00000000000 0.00000000000 0.00000000000 0.00000000000 0.00000000000 0.00000000000 0.00000000000 0.00000000000 0.00000000000 0.00000000000 0.00000000000 0.00000000000 0.00000000000 0.00000000000 0.00000000000 0.00000000000 0.00000000000 0.00000000000 0.00000000000 0.00000000000 0.00000000000 0.00000000000 0.00000000000 0.00000000000 0.00000000000 0.00000000000 0.00000000000 0.00000000000
# logsel_slope_fsh[2]:
 0.00000000000
# sel50_fsh[1]:
 0.00000000000 0.00000000000 0.00000000000 0.00000000000 0.00000000000 0.00000000000 0.00000000000 0.00000000000 0.00000000000 0.00000000000 0.00000000000 0.00000000000 0.00000000000 0.00000000000 0.00000000000 0.00000000000 0.00000000000 0.00000000000 0.00000000000 0.00000000000 0.00000000000 0.00000000000 0.00000000000 0.00000000000 0.00000000000 0.00000000000 0.00000000000 0.00000000000 0.00000000000 0.00000000000 0.00000000000 0.00000000000 0.00000000000 0.00000000000 0.00000000000 0.00000000000
# sel50_fsh[2]:
 0.00000000000
# logsel_dslope_fsh[1]:
 0.00000000000 0.00000000000 0.00000000000 0.00000000000 0.00000000000 0.00000000000 0.00000000000 0.00000000000 0.00000000000 0.00000000000 0.00000000000 0.00000000000 0.00000000000 0.00000000000 0.00000000000 0.00000000000 0.00000000000 0.00000000000 0.00000000000 0.00000000000 0.00000000000 0.00000000000 0.00000000000 0.00000000000 0.00000000000 0.00000000000 0.00000000000 0.00000000000 0.00000000000 0.00000000000 0.00000000000 0.00000000000 0.00000000000 0.00000000000 0.00000000000 0.00000000000
# logsel_dslope_fsh[2]:
 0.00000000000
# seld50_fsh[1]:
 5.00000000000 5.00000000000 5.00000000000 5.00000000000 5.00000000000 5.00000000000 5.00000000000 5.00000000000 5.00000000000 5.00000000000 5.00000000000 5.00000000000 5.00000000000 5.00000000000 5.00000000000 5.00000000000 5.00000000000 5.00000000000 5.00000000000 5.00000000000 5.00000000000 5.00000000000 5.00000000000 5.00000000000 5.00000000000 5.00000000000 5.00000000000 5.00000000000 5.00000000000 5.00000000000 5.00000000000 5.00000000000 5.00000000000 5.00000000000 5.00000000000 5.00000000000
# seld50_fsh[2]:
 5.00000000000
# rec_dev_future:
 0.00000000000 0.00000000000 0.00000000000 0.00000000000 0.00000000000 0.00000000000 0.00000000000 0.00000000000 0.00000000000 0.00000000000
# log_q_ind[1]:
-10.7048950076
# log_q_power_ind[1]:
0.00000000000
# log_selcoffs_ind[1]:
 -1.31372330269 -0.0609606913411 0.295714209740 0.295714209740 0.295714209740
# logsel_slope_ind[1]:
 0.00000000000
# sel50_ind[1]:
 0.00000000000
# logsel_dslope_ind[1]:
 0.00000000000
# seld50_ind[1]:
 5.00000000000
# repl_F:
0.196076882393
